{
 "cells": [
  {
   "cell_type": "code",
   "execution_count": 1,
   "metadata": {},
   "outputs": [],
   "source": [
    "import pandas as pd\n",
    "dataSet = pd.read_csv('datasets\\Wholesale customers data.csv')"
   ]
  },
  {
   "cell_type": "code",
   "execution_count": 6,
   "metadata": {},
   "outputs": [
    {
     "name": "stdout",
     "output_type": "stream",
     "text": [
      "<class 'pandas.core.frame.DataFrame'>\n",
      "RangeIndex: 440 entries, 0 to 439\n",
      "Data columns (total 8 columns):\n",
      "Channel             440 non-null int64\n",
      "Region              440 non-null int64\n",
      "Fresh               440 non-null int64\n",
      "Milk                440 non-null int64\n",
      "Grocery             440 non-null int64\n",
      "Frozen              440 non-null int64\n",
      "Detergents_Paper    440 non-null int64\n",
      "Delicassen          440 non-null int64\n",
      "dtypes: int64(8)\n",
      "memory usage: 27.6 KB\n"
     ]
    },
    {
     "data": {
      "text/plain": [
       "RangeIndex(start=0, stop=440, step=1)"
      ]
     },
     "execution_count": 6,
     "metadata": {},
     "output_type": "execute_result"
    }
   ],
   "source": [
    "dataSet.info()\n",
    "dataSet.index"
   ]
  },
  {
   "cell_type": "code",
   "execution_count": 18,
   "metadata": {},
   "outputs": [],
   "source": [
    "import numpy as np\n",
    "from numpy.linalg import norm"
   ]
  },
  {
   "cell_type": "code",
   "execution_count": 10,
   "metadata": {},
   "outputs": [],
   "source": [
    "k=dataSet.loc[np.random.randint(0,440,3)]"
   ]
  },
  {
   "cell_type": "code",
   "execution_count": 17,
   "metadata": {},
   "outputs": [
    {
     "data": {
      "text/html": [
       "<div>\n",
       "<style scoped>\n",
       "    .dataframe tbody tr th:only-of-type {\n",
       "        vertical-align: middle;\n",
       "    }\n",
       "\n",
       "    .dataframe tbody tr th {\n",
       "        vertical-align: top;\n",
       "    }\n",
       "\n",
       "    .dataframe thead th {\n",
       "        text-align: right;\n",
       "    }\n",
       "</style>\n",
       "<table border=\"1\" class=\"dataframe\">\n",
       "  <thead>\n",
       "    <tr style=\"text-align: right;\">\n",
       "      <th></th>\n",
       "      <th>Channel</th>\n",
       "      <th>Region</th>\n",
       "      <th>Fresh</th>\n",
       "      <th>Milk</th>\n",
       "      <th>Grocery</th>\n",
       "      <th>Frozen</th>\n",
       "      <th>Detergents_Paper</th>\n",
       "      <th>Delicassen</th>\n",
       "    </tr>\n",
       "  </thead>\n",
       "  <tbody>\n",
       "    <tr>\n",
       "      <th>320</th>\n",
       "      <td>1</td>\n",
       "      <td>2</td>\n",
       "      <td>1774</td>\n",
       "      <td>3696</td>\n",
       "      <td>2280</td>\n",
       "      <td>514</td>\n",
       "      <td>275</td>\n",
       "      <td>834</td>\n",
       "    </tr>\n",
       "  </tbody>\n",
       "</table>\n",
       "</div>"
      ],
      "text/plain": [
       "     Channel  Region  Fresh  Milk  Grocery  Frozen  Detergents_Paper  \\\n",
       "320        1       2   1774  3696     2280     514               275   \n",
       "\n",
       "     Delicassen  \n",
       "320         834  "
      ]
     },
     "execution_count": 17,
     "metadata": {},
     "output_type": "execute_result"
    }
   ],
   "source": [
    "k.iloc[[1]]"
   ]
  },
  {
   "cell_type": "code",
   "execution_count": 23,
   "metadata": {},
   "outputs": [
    {
     "data": {
      "text/plain": [
       "11399.965921001694"
      ]
     },
     "execution_count": 23,
     "metadata": {},
     "output_type": "execute_result"
    }
   ],
   "source": [
    "norm(k.iloc[1]-dataSet.iloc[1])"
   ]
  },
  {
   "cell_type": "code",
   "execution_count": 25,
   "metadata": {},
   "outputs": [],
   "source": [
    "from scipy.spatial import distance"
   ]
  },
  {
   "cell_type": "code",
   "execution_count": 36,
   "metadata": {},
   "outputs": [
    {
     "data": {
      "text/plain": [
       "<zip at 0x1c2ab1e6248>"
      ]
     },
     "execution_count": 36,
     "metadata": {},
     "output_type": "execute_result"
    }
   ],
   "source": [
    "for i in "
   ]
  },
  {
   "cell_type": "code",
   "execution_count": 32,
   "metadata": {},
   "outputs": [
    {
     "data": {
      "text/html": [
       "<div>\n",
       "<style scoped>\n",
       "    .dataframe tbody tr th:only-of-type {\n",
       "        vertical-align: middle;\n",
       "    }\n",
       "\n",
       "    .dataframe tbody tr th {\n",
       "        vertical-align: top;\n",
       "    }\n",
       "\n",
       "    .dataframe thead th {\n",
       "        text-align: right;\n",
       "    }\n",
       "</style>\n",
       "<table border=\"1\" class=\"dataframe\">\n",
       "  <thead>\n",
       "    <tr style=\"text-align: right;\">\n",
       "      <th></th>\n",
       "      <th>Channel</th>\n",
       "      <th>Region</th>\n",
       "      <th>Fresh</th>\n",
       "      <th>Milk</th>\n",
       "      <th>Grocery</th>\n",
       "      <th>Frozen</th>\n",
       "      <th>Detergents_Paper</th>\n",
       "      <th>Delicassen</th>\n",
       "    </tr>\n",
       "  </thead>\n",
       "  <tbody>\n",
       "    <tr>\n",
       "      <th>Channel</th>\n",
       "      <td>11.916375</td>\n",
       "      <td>9.327379</td>\n",
       "      <td>1006.233571</td>\n",
       "      <td>998.454305</td>\n",
       "      <td>1412.120746</td>\n",
       "      <td>402.098247</td>\n",
       "      <td>996.604234</td>\n",
       "      <td>361.330873</td>\n",
       "    </tr>\n",
       "    <tr>\n",
       "      <th>Region</th>\n",
       "      <td>9.327379</td>\n",
       "      <td>19.824228</td>\n",
       "      <td>1637.607401</td>\n",
       "      <td>763.518828</td>\n",
       "      <td>1174.859140</td>\n",
       "      <td>759.354989</td>\n",
       "      <td>787.749326</td>\n",
       "      <td>456.570915</td>\n",
       "    </tr>\n",
       "    <tr>\n",
       "      <th>Fresh</th>\n",
       "      <td>1006.233571</td>\n",
       "      <td>1637.607401</td>\n",
       "      <td>340931.321279</td>\n",
       "      <td>116485.624650</td>\n",
       "      <td>157774.731285</td>\n",
       "      <td>144334.636148</td>\n",
       "      <td>95022.132396</td>\n",
       "      <td>83306.120657</td>\n",
       "    </tr>\n",
       "    <tr>\n",
       "      <th>Milk</th>\n",
       "      <td>998.454305</td>\n",
       "      <td>763.518828</td>\n",
       "      <td>116485.624650</td>\n",
       "      <td>160789.325047</td>\n",
       "      <td>166332.325565</td>\n",
       "      <td>65682.075081</td>\n",
       "      <td>112393.449311</td>\n",
       "      <td>65965.704104</td>\n",
       "    </tr>\n",
       "    <tr>\n",
       "      <th>Grocery</th>\n",
       "      <td>1412.120746</td>\n",
       "      <td>1174.859140</td>\n",
       "      <td>157774.731285</td>\n",
       "      <td>166332.325565</td>\n",
       "      <td>231944.013387</td>\n",
       "      <td>74625.304656</td>\n",
       "      <td>157785.082666</td>\n",
       "      <td>64355.829161</td>\n",
       "    </tr>\n",
       "    <tr>\n",
       "      <th>Frozen</th>\n",
       "      <td>402.098247</td>\n",
       "      <td>759.354989</td>\n",
       "      <td>144334.636148</td>\n",
       "      <td>65682.075081</td>\n",
       "      <td>74625.304656</td>\n",
       "      <td>115000.931396</td>\n",
       "      <td>39964.026036</td>\n",
       "      <td>55921.783063</td>\n",
       "    </tr>\n",
       "    <tr>\n",
       "      <th>Detergents_Paper</th>\n",
       "      <td>996.604234</td>\n",
       "      <td>787.749326</td>\n",
       "      <td>95022.132396</td>\n",
       "      <td>112393.449311</td>\n",
       "      <td>157785.082666</td>\n",
       "      <td>39964.026036</td>\n",
       "      <td>113880.702364</td>\n",
       "      <td>34660.315203</td>\n",
       "    </tr>\n",
       "    <tr>\n",
       "      <th>Delicassen</th>\n",
       "      <td>361.330873</td>\n",
       "      <td>456.570915</td>\n",
       "      <td>83306.120657</td>\n",
       "      <td>65965.704104</td>\n",
       "      <td>64355.829161</td>\n",
       "      <td>55921.783063</td>\n",
       "      <td>34660.315203</td>\n",
       "      <td>60838.957708</td>\n",
       "    </tr>\n",
       "  </tbody>\n",
       "</table>\n",
       "</div>"
      ],
      "text/plain": [
       "                      Channel       Region          Fresh           Milk  \\\n",
       "Channel             11.916375     9.327379    1006.233571     998.454305   \n",
       "Region               9.327379    19.824228    1637.607401     763.518828   \n",
       "Fresh             1006.233571  1637.607401  340931.321279  116485.624650   \n",
       "Milk               998.454305   763.518828  116485.624650  160789.325047   \n",
       "Grocery           1412.120746  1174.859140  157774.731285  166332.325565   \n",
       "Frozen             402.098247   759.354989  144334.636148   65682.075081   \n",
       "Detergents_Paper   996.604234   787.749326   95022.132396  112393.449311   \n",
       "Delicassen         361.330873   456.570915   83306.120657   65965.704104   \n",
       "\n",
       "                        Grocery         Frozen  Detergents_Paper    Delicassen  \n",
       "Channel             1412.120746     402.098247        996.604234    361.330873  \n",
       "Region              1174.859140     759.354989        787.749326    456.570915  \n",
       "Fresh             157774.731285  144334.636148      95022.132396  83306.120657  \n",
       "Milk              166332.325565   65682.075081     112393.449311  65965.704104  \n",
       "Grocery           231944.013387   74625.304656     157785.082666  64355.829161  \n",
       "Frozen             74625.304656  115000.931396      39964.026036  55921.783063  \n",
       "Detergents_Paper  157785.082666   39964.026036     113880.702364  34660.315203  \n",
       "Delicassen         64355.829161   55921.783063      34660.315203  60838.957708  "
      ]
     },
     "execution_count": 32,
     "metadata": {},
     "output_type": "execute_result"
    }
   ],
   "source": [
    "diff = k.iloc[1]\n",
    "np.sqrt(diff.T.dot(diff))"
   ]
  },
  {
   "cell_type": "code",
   "execution_count": null,
   "metadata": {},
   "outputs": [],
   "source": []
  }
 ],
 "metadata": {
  "kernelspec": {
   "display_name": "Python 3",
   "language": "python",
   "name": "python3"
  },
  "language_info": {
   "codemirror_mode": {
    "name": "ipython",
    "version": 3
   },
   "file_extension": ".py",
   "mimetype": "text/x-python",
   "name": "python",
   "nbconvert_exporter": "python",
   "pygments_lexer": "ipython3",
   "version": "3.6.4"
  }
 },
 "nbformat": 4,
 "nbformat_minor": 2
}
